597
840
436426
479445
148772
190081
433447
190629
203497
47202
407775
394325
463982
304784
468417
302156
131932
235902
395728
78537
223857
330739
286918
329211
39679
238506
63340
186568
361868
160016
287940
296263
224593
101449
336991
390310
323355
177068
11431
8580
291757
449218
374934
94328
163676
329355
496221
399080
195922
31545
248511
34067
75467
338674
284691
206504
499835
262034
344965
459980
381221
45895
32501
448152
208325
147731
229302
248153
309896
119022
297489
208399
370607
266466
374432
331502
53968
128333
187475
233792
400084
487010
479694
27328
207354
124712
38409
216480
402643
428121
251951
223492
304420
328197
328607
497925
472167
60717
363438
89200
106986
216104
476483
323620
9806
290881
176858
345559
56553
488502
223554
422962
172325
197435
309279
120464
127327
482549
429832
386595
208200
278720
287658
390639
289992
349130
226467
298989
207958
102581
246600
347466
161473
311929
179775
412581
189770
499455
383718
4628
116807
419335
281898
91552
486530
215811
179569
414148
3384
156954
8913
380114
216315
203686
189334
50382
201392
278326
171008
333553
270962
214957
14850
248231
422061
121185
371588
164305
2980
357564
441890
170052
68747
390943
181740
347593
287469
477370
112516
20443
396007
469525
3299
430412
357163
6699
363571
458976
387455
482217
293590
179343
114427
383220
141342
104584
384239
454496
465875
122601
231258
71449
443377
480040
37428
138238
172455
273517
471653
34433
311768
411957
327307
76456
126878
452977
45368
101999
354882
473541
371826
473764
443269
351401
122098
58698
76763
301515
385413
481495
196523
14571
480206
258357
445904
53310
21410
335844
347611
497484
90410
193559
149262
401394
458949
41107
268546
332737
197987
404979
22306
494685
89291
405542
186542
299134
311094
352751
292089
10898
235729
210212
329964
238297
141823
140720
415297
382280
204917
344338
127176
298183
407965
135740
353541
329555
10003
463316
18256
66013
337611
353974
154931
402024
469609
316176
200304
391151
284199
399876
168825
168893
253939
93737
444374
338323
376846
115819
81154
165157
480814
386343
71886
291197
303100
111856
91709
453879
315479
72461
143014
69123
229744
265400
347094
429447
359020
9152
273963
479674
97829
498984
319930
85322
106665
72646
69385
239191
131353
157605
97110
374453
13356
90243
427694
31854
152297
313075
99831
390974
208720
391837
470695
9845
87154
451673
495306
387865
325524
160952
411231
415329
2353
146331
425692
148027
163413
193081
178438
265063
69858
347358
70266
147801
226095
318374
264807
105051
344868
489478
229809
311304
167007
82308
302992
164499
49650
171706
268399
477822
493698
441015
6381
367267
242282
450237
497119
336111
39926
53444
59788
309826
299944
183702
271888
376944
165655
53521
394489
66946
361131
256616
142445
201654
294434
183522
34850
322683
302542
275226
480741
102486
26101
369661
308532
376961
363568
381903
50276
314758
389772
205766
203259
453224
405836
213741
192054
489018
76325
155395
266949
65925
425056
417850
86378
132711
469083
48184
69790
52559
455945
108345
280268
412322
207501
220555
198772
161785
456675
191312
198665
432321
24920
253696
482516
244857
7149
350948
233807
444535
121591
356284
63082
351268
420898
483674
400841
270939
319593
263717
316003
56334
272768
356471
280965
181121
31083
59103
212366
251149
25732
175776
17488
242238
303064
302736
426773
178070
262122
21274
396632
11560
437455
94748
71880
476061
15889
486954
405320
102034
346733
126345
351090
139640
88212
433717
313135
408211
417037
291483
482144
488668
61778
200256
404345
264127
236398
98808
359328
485758
414566
484591
276371
476076
285805
4964
209279
168370
443309
490441
348329
118125
303429
410661
215241
321166
464870
169394
54314
179513
210901
462687
416748
436614
329965
234222
441122
475748
82234
148311
2997
382193
219838
403172
387006
320803
213711
242547
29136
185442
48343
413431
37420
482923
85843
453239
106314
177903
198901
12622
188535
345777
78275
373321
212177
291404
426261
332972
374093
188747
281562
228237
391698
264271
134836
20504
419420
45101
474743
135433
463897
211277
8110
238645
449487
113324
400246
153889
165524
425243
164258
117961
118389
283581
789
314619
144688
286477
113899
284025
309913
126134
191920
233179
451065
468697
194727
251051
397706
490763
382500
222471
291068
25652
473266
78850
120052
118000
86319
365411
124456
156626
223115
277764
421380
155517
83757
439764
60679
53801
8526
459990
192967
193604
280475
332416
290249
251406
382199
286557
238954
487355
411991
46539
16505
483637
75268
428254
471066
199736
310428
154107
236932
285332
156786
312766
372868
238159
125418
449652
499768
51968
239710
139905
106965
461269
200475
478460
396802
262638
404516
449806
183002
432159
326222
214423
469326
205906
196419
138505
374721
207875
343615
359755
185674
39458
148246
381111
236149
54997
187788
210076
401378
402483
273211
107964
212485
109930
178577
285583
76228
177657
65135
396671
242685
288151
65195
491338
187581
209546
189903
68836
77801
108433
262359
311986
447193
177147
248119
422927
381528
355310
229747
369323
328294
446305
117798
439399
293654
251649
425020
330714
368688
431088
107735
210607
444464
316417
360685
166565
155781
335166
414216
335885
118131
240258
182437
56528
232337
441376
406454
167143
209580
146618
100256
62049
260322
222378
88413
293056
371016
256636
97788
487836
42149
114
48828
476254
326741
164767
90164
117638
164966
262669
408270
148646
484542
109399
59368
49925
321235
67151
20274
4350
169361
8473
141106
374782
244952
368142
76035
167337
442460
348059
104049
398709
356995
294847
154974
2381
53226
42224
323809
164943
393025
281527
348610
228495
232298
264655
205567
495698
85790
388778
369995
369908
119016
112300
42633
243650
422312
445582
388853
316097
228881
238620
266427
473925
389355
65240
375070
477050